.__C__oml <-
<S4 object of class structure("classRepresentation", package = "methods")>
.__C__OML <-
<S4 object of class structure("classRepresentation", package = "methods")>
.__C__oml.repo <-
<S4 object of class structure("classRepresentation", package = "methods")>
.__C__OML.Repository <-
<S4 object of class structure("classRepresentation", package = "methods")>
.Random.seed <-
c(403L, 10L, 1261974074L, -1195710148L, 1071244927L, 480800213L, 
2113643500L, -1924221630L, -1318884707L, 2017281815L, -1573050754L, 
-666204616L, 387514651L, 260630137L, -1447959864L, -1029655818L, 
-771851471L, 1041189731L, -390029006L, 964174468L, -436138297L, 
686134685L, 1941192980L, -1935659078L, -1615812091L, 1852447711L, 
459379302L, 1329106416L, -1588569325L, 379741361L, -887130272L, 
2105496830L, 1660646537L, 2053157819L, -79258230L, -1053590420L, 
1343755759L, -870502875L, -816157988L, 505053362L, 364139437L, 
245385063L, 1622635662L, -518950552L, -1041632917L, -1892744439L, 
1086879128L, 1676248262L, 130924065L, -600088909L, -1467366366L, 
-775487980L, 1209938583L, -784143219L, -82304604L, -1627501686L, 
448391157L, 1630152271L, 1424908630L, 465218560L, 2032166211L, 
-49329951L, 470393424L, -1492910418L, 506014297L, -40095125L, 
1226971098L, 842635420L, -2122966369L, 1252194549L, -794484340L, 
1807633506L, -450356163L, 1558081207L, 228773214L, 1682166936L, 
1064599547L, 1438688665L, 109016616L, -269979946L, -486880431L, 
84364803L, -247549550L, 1078030116L, -1234566681L, 1693904445L, 
-1745930060L, -1011020006L, -881449883L, 2133339391L, 1105206662L, 
200495888L, -1024628813L, -1448211375L, 581529600L, -1877270306L, 
-899065047L, 493938395L, -511617558L, -2127118964L, 1826960079L, 
-438243707L, 1789244L, -682258414L, 2092932877L, 1480318023L, 
17280558L, -1209223288L, -2018180469L, 1137357929L, 1017182264L, 
841429222L, 7837825L, -1535180781L, 109348802L, 360652916L, -1878174089L, 
540149613L, -1026902012L, 1533424426L, 1681066133L, 268719919L, 
998981174L, 1135110752L, -1322125149L, 1582963649L, 2075285424L, 
1543422670L, -207282119L, 130750027L, -1623122950L, -1230313732L, 
-1376212161L, -76798955L, 787463980L, -665283582L, -77670691L, 
-267770409L, 819679422L, -1250352392L, 440936667L, 362273593L, 
-737481080L, -87598538L, 725332593L, -1648432989L, 1621500402L, 
503296324L, -700519929L, 1662113757L, -900673324L, -1511960582L, 
-680310971L, -847764577L, -1974982362L, -598328912L, 1717523027L, 
2013306225L, -586437472L, -1093669826L, -542104759L, 1270313467L, 
-1518627382L, -1838785748L, -814918865L, -1529722395L, 1810076828L, 
379363570L, 679557485L, -501680473L, 1008466126L, 1903646248L, 
-969318869L, 652424265L, 167789912L, -832562170L, -235332127L, 
-650352781L, 93774818L, 139152212L, -752499113L, -91619763L, 
-715066908L, 212913098L, 959311413L, -227527537L, -330572394L, 
-93699776L, 993156099L, -1905893855L, 369846544L, 1957398254L, 
481499801L, 1546195755L, -534266342L, 1764627676L, -1200674593L, 
-690813259L, 969752652L, 991673506L, 2142440445L, 1805916407L, 
1327070750L, -1674538792L, 439628859L, 767581657L, 891751272L, 
-21895530L, 2008465425L, -756768317L, -479081006L, -231070620L, 
120804263L, 1391869181L, 1500797172L, -131764262L, -1283063003L, 
18379327L, 1981766086L, -491049392L, -1786125709L, 420402833L, 
1292955328L, 1902868638L, -1263037335L, -980369253L, 1264599466L, 
-221734452L, -1190677361L, -2076973440L, -1987254796L, -1788398968L, 
216313658L, -759287984L, -1459397524L, 402838932L, 301683794L, 
1860794848L, -1323701044L, -247547744L, 1241643394L, 1976568040L, 
-1956844820L, 793974076L, 1962529906L, 493497456L, 30536740L, 
1770995768L, 1271149338L, -682441520L, -382844100L, 1034792852L, 
1905244034L, -1553883712L, 705393212L, 1446369680L, 1040114210L, 
546831624L, 1394508428L, -916633828L, 265607314L, 1952303488L, 
-732829164L, -249679064L, -75964870L, 1872953808L, 1420871020L, 
-109519948L, 862604306L, -244655648L, -1546830900L, 473389280L, 
-1757474782L, -1329378008L, 769191436L, -737293508L, -962010126L, 
933932784L, -721735100L, -214290856L, -539888838L, 640885232L, 
-1880572228L, -860009196L, 1701746370L, -1788651424L, 1868785532L, 
-854463536L, -532542174L, -332409176L, -107779188L, -513950532L, 
-133552334L, -1112065472L, 1463902388L, 1188981320L, 975195578L, 
2021827088L, 1343731436L, 524580180L, 1280931090L, -526911072L, 
492426956L, -1472532896L, 1256012738L, -1788171480L, -370361428L, 
1573019452L, 1847311730L, 432713520L, 1257305380L, 6873912L, 
1738071770L, 108555152L, -383395076L, 660300692L, 185262146L, 
-907534080L, 2065251388L, 426349904L, -1035693918L, -1972714168L, 
-1536652532L, 1598925532L, 580464978L, 1563781248L, -640447404L, 
-251304984L, -2045772550L, -437076144L, -466839764L, -2127438476L, 
1429381010L, -1262666656L, -1894505076L, 1321636704L, 1471641058L, 
-1464122456L, 151365836L, -303508484L, -178175566L, -1615032848L, 
235806660L, 1889405272L, 483188090L, 956090288L, 572931516L, 
-1700465580L, 1300780994L, -459913184L, 1123647676L, 1247508048L, 
442144738L, -452323224L, 1061804108L, 668419324L, 468756466L, 
1405426944L, -1413896844L, 848486408L, -459594822L, -1677523504L, 
-602144788L, 540075412L, -732519982L, -1122166432L, -803546292L, 
-47087328L, 40609666L, 155336424L, -1208882964L, -57718724L, 
-90353806L, -1219662224L, 571935780L, 862707512L, 1065405594L, 
176427728L, -1076244292L, 818933396L, -101421438L, 1377935552L, 
-1616246980L, -1042231152L, 1079741986L, 1346350088L, -993456884L, 
1956334748L, 1403048466L, 1582904192L, -955681260L, 720301608L, 
-1137386182L, -906449456L, 11110508L, -709491404L, -1349244270L, 
-1205645472L, 641691468L, 1444276192L, 159841186L, -1559651416L, 
-1081263732L, 1135131836L, -729464462L, -693360400L, 2127517764L, 
635856216L, -738653638L, 1815908208L, 1277054012L, -796589292L, 
-1050704446L, 792563424L, -1228985476L, -440536368L, -811570014L, 
-506871768L, 564492556L, -1705456708L, 1797307698L, 127902144L, 
843774516L, 532320200L, -1076183878L, -175230576L, 1549894124L, 
-1443514796L, 771904658L, -765426912L, -1046363700L, -592218656L, 
726001346L, -1835169752L, -901769556L, -1315692356L, -1181868558L, 
1447120176L, -2120915804L, -1805944136L, 1109154138L, -1728116336L, 
-840390788L, 992913684L, 1486511938L, -669176064L, -948812868L, 
1716474704L, 637746978L, -928160440L, 1561333260L, 2009757788L, 
-955445038L, -28013056L, -1935142572L, 47848936L, -727739969L, 
65856856L, -1722180746L, -1289610877L, -586482747L, 656744674L, 
623482192L, -1505545095L, 29444011L, 1690299676L, -2033210806L, 
-1880797633L, 420766345L, 1866811038L, 1317360460L, -311725283L, 
2065908391L, -1969428016L, 827138414L, -1054618597L, -86178435L, 
981865322L, 1936320008L, -1140794703L, -677403357L, -497428956L, 
449682642L, -412902105L, 720893809L, -1275087434L, -1970225836L, 
-1389134875L, 38209007L, 824118568L, -542089850L, 1233852851L, 
1533506837L, -1111689358L, -2005216320L, -874490839L, -797736805L, 
513240428L, 782357882L, 997037743L, -1265533511L, -1509351474L, 
-1251414244L, 1532223117L, 359710455L, 109425152L, -1383957410L, 
1091616555L, 1566002221L, 4013210L, -250826664L, -757688383L, 
-620726157L, -1736478316L, -1809809374L, 575276855L, -1879864831L, 
1682445062L, -2042298556L, 2057671285L, -669547553L, -1970706632L, 
137093398L, -1657103069L, 996380389L, -1097763070L, 1967512944L, 
-1269777127L, -625806069L, -106187268L, -1699443158L, -991603105L, 
-1077238295L, 558405374L, 1426425580L, -251922883L, 1008920071L, 
-66508304L, 1387493774L, -1510191173L, 326392221L, 1534515018L, 
958786408L, -1287246511L, -1780433341L, -1605278908L, 1354465266L, 
624836039L, -1594621039L, 1165458198L, 1189334900L, -353800699L, 
1287607887L, 1332277832L, -1304075290L, 1162448147L, -136035723L, 
424456274L, -836255072L, -1743556727L, -1968542789L, 1444867084L, 
1430395290L, -1047250673L, -159299751L, -1146476050L, -914180996L, 
1537183981L, -344156265L, -829034400L, 650523198L, -1630153973L, 
711969165L, -560532806L, -1984882440L, -960518495L, -1339228589L, 
